76   81   69   22   93   43   18   29   27   72   
44   43   66   16   97   35   76   31   41   10   
37   10   60   43   21   21   57   60   55   78   
34   52   28   87   78   40   49   99   60   20   
29   24   52   49   73   30   53   92   40   15   
23   14   84   43   64   79   67   64   84   21   
23   42   82   74   27   32   30   25   16   39   
67   82   46   84   44   45   84   52   35   97   
47   14   56   69   62   81   98   51   98   77   
23   48   87   45   92   76   63   41   65   68   
